(495.02853881278537, 876)
(495.44342857142857, 875)
(495.362700228833, 874)
(495.631156930126, 873)
(495.41284403669727, 872)
(494.9885189437428, 871)
(494.93793103448274, 870)
(495.1518987341772, 869)
(495.6463133640553, 868)
(495.3287197231834, 867)
(495.24133949191685, 866)
(495.0682080924856, 865)
(494.68981481481484, 864)
(495.19582850521437, 863)
(495.0626450116009, 862)
(494.6550522648084, 861)
(494.903488372093, 860)
(494.8731082654249, 859)
(494.7610722610723, 858)
(494.42240373395566, 857)
(494.4906542056075, 856)
(493.9111111111111, 855)
(493.53629976580794, 854)
(493.9343493552169, 853)
(493.4166666666667, 852)
(493.45710928319625, 851)
(493.9223529411765, 850)
(494.4640753828033, 849)
(494.1356132075472, 848)
(493.9917355371901, 847)
(493.5390070921986, 846)
(493.4011834319527, 845)
(493.09952606635073, 844)
(492.74139976275205, 843)
(492.29216152019, 842)
(491.94292508917954, 841)
(491.74285714285713, 840)
(491.4207389749702, 839)
(491.47374701670645, 838)
(491.96774193548384, 837)
(491.4964114832536, 836)
(492.0634730538922, 835)
(491.7853717026379, 834)
(492.30372148859544, 833)
(492.80408653846155, 832)
(492.5716004813478, 831)
(492.0734939759036, 830)
(491.8118214716526, 829)
(491.7306763285024, 828)
(491.72309552599756, 827)
(491.7191283292978, 826)
(491.1090909090909, 825)
(490.68567961165047, 824)
(490.4787363304982, 823)
(490.46593673965936, 822)
(490.11936662606576, 821)
(490.140243902439, 820)
(490.00610500610503, 819)
(490.4083129584352, 818)
(490.70746634026926, 817)
(491.04411764705884, 816)
(491.598773006135, 815)
(491.94717444717446, 814)
(492.16359163591636, 813)
(491.7426108374384, 812)
(491.81750924784217, 811)
(491.8641975308642, 810)
(491.42521631644007, 809)
(491.79331683168317, 808)
(491.28624535315987, 807)
(491.5521091811414, 806)
(492.06335403726706, 805)
(491.5323383084577, 804)
(492.14321295143213, 803)
(492.14339152119703, 802)
(492.32459425717855, 801)
(492.5355805243446, 801)
(492.6313823163138, 803)
(493.17456359102243, 802)
(493.04244694132336, 801)
(492.7752808988764, 801)
(492.1973365617433, 826)
(492.0739393939394, 825)
(492.56310679611653, 824)
(492.4750911300122, 823)
(492.9574209245742, 822)
(493.2935444579781, 821)
(493.41951219512197, 820)
(493.96336996337, 819)
(493.6748166259169, 818)
(493.50061199510407, 817)
(493.35049019607845, 816)
(493.0122699386503, 815)
(492.5810810810811, 814)
(492.8376383763838, 813)
(492.26724137931035, 812)
(492.5339087546239, 811)
(492.2308641975309, 810)
(492.6477132262052, 809)
(492.240099009901, 808)
(492.0582403965304, 807)
(492.1327543424318, 806)
(492.42857142857144, 805)
(491.9092039800995, 804)
(491.54296388542963, 803)
(491.22568578553614, 802)
(491.51810237203495, 801)
(490.6985111662531, 806)
(491.127950310559, 805)
(491.3482587064677, 804)
(490.9937733499377, 803)
(490.6758104738155, 802)
(490.57677902621725, 801)
(490.1622971285893, 801)
(490.36431226765797, 807)
(490.3672456575682, 806)
(489.9590062111801, 805)
(490.06467661691545, 804)
(489.5815691158157, 803)
(489.9189526184539, 802)
(490.36204744069914, 801)
(489.73283395755305, 801)
(489.1354037267081, 805)
(489.4241293532338, 804)
(489.14819427148194, 803)
(489.1708229426434, 802)
(489.0761548064919, 801)
(488.7649253731343, 804)
(489.11332503113323, 803)
(489.6334164588529, 802)
(490.043695380774, 801)
(489.84519350811485, 801)
(489.51310861423224, 801)
(489.253223915592, 853)
(489.69835680751174, 852)
(489.5193889541716, 851)
(489.9047058823529, 850)
(490.0494699646643, 849)
(489.66037735849056, 848)
(489.46044864226684, 847)
(489.99881796690306, 846)
(489.8733727810651, 845)
(489.5556872037915, 844)
(489.4199288256228, 843)
(489.6223277909739, 842)
(489.0796670630202, 841)
(489.1333333333333, 840)
(489.1323003575685, 839)
(489.2971360381862, 838)
(489.4958183990442, 837)
(490.00837320574163, 836)
(489.59161676646704, 835)
(489.95083932853714, 834)
(490.24129651860744, 833)
(490.2932692307692, 832)
(489.79903730445244, 831)
(489.52289156626506, 830)
(489.6743063932449, 829)
(489.97463768115944, 828)
(490.2285368802902, 827)
(490.29418886198545, 826)
(489.9745454545455, 825)
(489.9866504854369, 824)
(489.4386391251519, 823)
(489.8272506082725, 822)
(489.2764920828258, 821)
(489.16219512195124, 820)
(488.92429792429795, 819)
(489.14303178484107, 818)
(488.8176254589963, 817)
(488.56495098039215, 816)
(488.31042944785275, 815)
(488.47788697788695, 814)
(488.52152521525215, 813)
(488.320197044335, 812)
(488.8939580764488, 811)
(488.57037037037037, 810)
(489.05438813349815, 809)
(488.58787128712873, 808)
(489.0669144981413, 807)
(488.71588089330027, 806)
(488.1714285714286, 805)
(488.4141791044776, 804)
(487.8244084682441, 803)
(488.213216957606, 802)
(488.70786516853934, 801)
(487.84912718204487, 802)
(487.34082397003743, 801)
(487.1458590852905, 809)
(487.18440594059405, 808)
(487.57001239157375, 807)
(487.06699751861044, 806)
(486.9726708074534, 805)
(487.568407960199, 804)
(487.9439601494396, 803)
(487.6384039900249, 802)
(487.05992509363296, 801)
(487.27465667915106, 801)
(486.88389513108615, 801)
486.18476903870163
0
0
0
0
0
0
0
0
0
0
0
0
0
0
0
0
0
0
0
0
0
0
0
0
0
0
0
0
0
0
0
0
0
0
0
0
0
0
0
0
0
0
0
0
0
0
0
0
0
0
0
0
0
0
0
0
0
0
0
0
0
0
0
0
0
0
0
0
0
0
0
0
0
0
0
0
0
0
0
0
0
0
0
0
0
0
0
0
0
0
0
0
0
0
0
0
0
0
0
0
0
0
0
0
0
0
0
0
0
0
0
0
0
0
0
0
0
0
0
0
0
0
0
0
0
0
0
0
0
0
0
0
0
0
0
0
0
0
0
0
0
0
0
0
0
0
0
0
0
0
0
0
0
0
0
0
0
0
0
0
0
0
0
0
0
0
0
0
0
0
0
0
0
0
0
0
0
0
0
0
0
0
0
0
0
0
0
0
0
0
0
0
0
0
0
0
0
0
0
0
0
0
0
0
0
0
0
0
0
0
0
0
0
0
0
0
0
0
0
0
0
0
0
0
0
0
0
0
0
0
0
0
0
0
0
0
0
0
0
0
0
0
0
0
0
0
0
0
0
0
0
0
0
0
0
0
0
0
0
0
0
0
0
0
0
0
0
0
0
0
0
0
0
0
0
0
0
0
0
0
0
0
0
0
0
0
0
0
0
0
0
0
0
0
0
0
0
0
0
0
0
0
0
0
0
0
0
0
0
0
0
0
0
0
0
0
0
0
0
0
0
0
0
0
0
0
0
0
0
0
0
0
0
0
0
0
0
0
0
0
0
0
0
0
0
0
0
0
0
0
0
0
0
0
0
0
0
0
0
0
0
0
0
0
0
0
0
0
0
0
0
0
0
0
0
0
0
0
0
0
0
0
0
0
0
0
0
0
0
0
0
0
0
0
0
0
0
0
0
0
0
0
0
0
0
0
0
0
0
0
0
0
0
0
0
0
0
0
0
0
0
0
0
0
0
0
0
0
0
0
0
0
0
0
0
0
0
0
0
0
0
0
0
0
0
0
0
0
0
0
0
0
0
0
0
0
0
0
0
0
0
0
0
0
0
0
0
0
0
0
0
0
0
0
0
0
0
0
0
0
0
0
0
0
0
0
0
0
0
0
0
0
0
0
0
0
0
0
0
0
0
0
0
0
0
0
0
0
0
0
0
0
0
0
0
0
0
0
0
0
0
0
0
0
0
0
0
0
0
0
0
0
0
0
0
0
0
0
0
0
0
0
0
0
0
0
0
0
0
0
0
0
0
0
0
0
0
0
0
0
0
0
0
0
0
0
0
0
0
0
0
0
0
0
0
0
0
0
0
0
0
0
0
0
0
0
0
0
0
0
0
0
0
0
0
0
0
0
0
0
0
0
0
0
0
0
0
0
0
0
0
0
0
0
0
0
0
0
0
0
0
0
0
0
0
0
0
0
0
0
0
0
0
0
0
0
0
0
0
0
0
0
0
0
0
0
0
0
0
0
0
0
0
0
0
0
0
0
0
0
0
0
0
0
0
0
0
0
0
0
0
0
0
0
0
0
0
0
0
0
0
0
0
0
0
0
0
0
0
0
0
0
0
0
0
0
0
0
0
0
0
0
0
0
0
0
0
0
0
0
0
0
0
0
0
0
0
0
0
0
0
0
0
0
0
0
0
0
0
0
0
0
0
0
0
0
0
0
0
0
0
0
0
0
0
0
0
0
0
0
0
0
0
0
0
0
0
0
0
0
0
0
0
0
0
0
0
0
0
0
0
0
0
0
0
0
0
0
0
0
0
0
0
0
0
0
0
0
0
0
0
0
0
0
0
0
0
0
0
0
495.6463133640553

(495.12018669778297, 857)
(495.5443925233645, 856)
(495.46198830409355, 855)
(495.73653395784544, 854)
(495.5134818288394, 853)
(495.0798122065728, 852)
(495.02820211515865, 851)
(495.2470588235294, 850)
(495.75265017667846, 849)
(495.42806603773585, 848)
(495.3388429752066, 847)
(495.16193853427893, 846)
(494.7751479289941, 845)
(495.292654028436, 844)
(495.15658362989325, 843)
(494.7399049881235, 842)
(494.99405469678953, 841)
(494.96309523809526, 840)
(494.8486293206198, 839)
(494.50238663484487, 838)
(494.57228195937876, 837)
(493.97966507177034, 836)
(493.5964071856287, 835)
(494.00359712230215, 834)
(493.4741896758703, 833)
(493.515625, 832)
(493.9915764139591, 831)
(494.5457831325301, 830)
(494.20989143546444, 829)
(494.06280193236717, 828)
(493.59975816203143, 827)
(493.4588377723971, 826)
(493.150303030303, 825)
(492.7839805825243, 824)
(492.3244228432564, 823)
(491.96715328467155, 822)
(491.76248477466504, 821)
(491.4329268292683, 820)
(491.4871794871795, 819)
(491.9926650366748, 818)
(491.51040391676867, 817)
(492.0906862745098, 816)
(491.80613496932517, 815)
(492.33660933660934, 814)
(492.8487084870849, 813)
(492.61083743842363, 812)
(492.10110974106044, 811)
(491.8333333333333, 810)
(491.7503090234858, 809)
(491.74257425742576, 808)
(491.7385377942999, 807)
(491.11414392059555, 806)
(490.68567961165047, 824)
(490.4787363304982, 823)
(490.46593673965936, 822)
(490.11936662606576, 821)
(490.140243902439, 820)
(490.00610500610503, 819)
(490.4083129584352, 818)
(490.70746634026926, 817)
(491.04411764705884, 816)
(491.598773006135, 815)
(491.94717444717446, 814)
(492.16359163591636, 813)
(491.7426108374384, 812)
(491.81750924784217, 811)
(491.8641975308642, 810)
(491.42521631644007, 809)
(491.79331683168317, 808)
(491.28624535315987, 807)
(491.5521091811414, 806)
(492.06335403726706, 805)
(491.5323383084577, 804)
(492.14321295143213, 803)
(492.14339152119703, 802)
(492.32459425717855, 801)
(492.5355805243446, 801)
(492.6313823163138, 803)
(493.17456359102243, 802)
(493.04244694132336, 801)
(492.7752808988764, 801)
(492.1973365617433, 826)
(492.0739393939394, 825)
(492.56310679611653, 824)
(492.4750911300122, 823)
(492.9574209245742, 822)
(493.2935444579781, 821)
(493.41951219512197, 820)
(493.96336996337, 819)
(493.6748166259169, 818)
(493.50061199510407, 817)
(493.35049019607845, 816)
(493.0122699386503, 815)
(492.5810810810811, 814)
(492.8376383763838, 813)
(492.26724137931035, 812)
(492.5339087546239, 811)
(492.2308641975309, 810)
(492.6477132262052, 809)
(492.240099009901, 808)
(492.0582403965304, 807)
(492.1327543424318, 806)
(492.42857142857144, 805)
(491.9092039800995, 804)
(491.54296388542963, 803)
(491.22568578553614, 802)
(491.51810237203495, 801)
(490.6985111662531, 806)
(491.127950310559, 805)
(491.3482587064677, 804)
(490.9937733499377, 803)
(490.6758104738155, 802)
(490.57677902621725, 801)
(490.1622971285893, 801)
(490.36431226765797, 807)
(490.3672456575682, 806)
(489.9590062111801, 805)
(490.06467661691545, 804)
(489.5815691158157, 803)
(489.9189526184539, 802)
(490.36204744069914, 801)
(489.73283395755305, 801)
(489.1354037267081, 805)
(489.4241293532338, 804)
(489.14819427148194, 803)
(489.1708229426434, 802)
(489.0761548064919, 801)
(488.7649253731343, 804)
(489.11332503113323, 803)
(489.6334164588529, 802)
(490.043695380774, 801)
(489.84519350811485, 801)
(489.51310861423224, 801)
(489.253223915592, 853)
(489.69835680751174, 852)
(489.5193889541716, 851)
(489.9047058823529, 850)
(490.0494699646643, 849)
(489.66037735849056, 848)
(489.46044864226684, 847)
(489.99881796690306, 846)
(489.8733727810651, 845)
(489.5556872037915, 844)
(489.4199288256228, 843)
(489.6223277909739, 842)
(489.0796670630202, 841)
(489.1333333333333, 840)
(489.1323003575685, 839)
(489.2971360381862, 838)
(489.4958183990442, 837)
(490.00837320574163, 836)
(489.59161676646704, 835)
(489.95083932853714, 834)
(490.24129651860744, 833)
(490.2932692307692, 832)
(489.79903730445244, 831)
(489.52289156626506, 830)
(489.6743063932449, 829)
(489.97463768115944, 828)
(490.2285368802902, 827)
(490.29418886198545, 826)
(489.9745454545455, 825)
(489.9866504854369, 824)
(489.4386391251519, 823)
(489.8272506082725, 822)
(489.2764920828258, 821)
(489.16219512195124, 820)
(488.92429792429795, 819)
(489.14303178484107, 818)
(488.8176254589963, 817)
(488.56495098039215, 816)
(488.31042944785275, 815)
(488.47788697788695, 814)
(488.52152521525215, 813)
(488.320197044335, 812)
(488.8939580764488, 811)
(488.57037037037037, 810)
(489.05438813349815, 809)
(488.58787128712873, 808)
(489.0669144981413, 807)
(488.71588089330027, 806)
(488.1714285714286, 805)
(488.4141791044776, 804)
(487.8244084682441, 803)
(488.213216957606, 802)
(488.70786516853934, 801)
(487.84912718204487, 802)
(487.34082397003743, 801)
(487.1458590852905, 809)
(487.18440594059405, 808)
(487.57001239157375, 807)
(487.06699751861044, 806)
(486.9726708074534, 805)
(487.568407960199, 804)
(487.9439601494396, 803)
(487.6384039900249, 802)
(487.05992509363296, 801)
(487.27465667915106, 801)
(486.88389513108615, 801)
(0, 0)
(0, 0)
(0, 0)
(0, 0)
(0, 0)
(0, 0)
(0, 0)
(0, 0)
(0, 0)
(0, 0)
(0, 0)
(0, 0)
(0, 0)
(0, 0)
(0, 0)
(0, 0)
(0, 0)
(0, 0)
(0, 0)
(0, 0)
(0, 0)
(0, 0)
(0, 0)
(0, 0)
(0, 0)
(0, 0)
(0, 0)
(0, 0)
(0, 0)
(0, 0)
(0, 0)
(0, 0)
(0, 0)
(0, 0)
(0, 0)
(0, 0)
(0, 0)
(0, 0)
(0, 0)
(0, 0)
(0, 0)
(0, 0)
(0, 0)
(0, 0)
(0, 0)
(0, 0)
(0, 0)
(0, 0)
(0, 0)
(0, 0)
(0, 0)
(0, 0)
(0, 0)
(0, 0)
(0, 0)
(0, 0)
(0, 0)
(0, 0)
(0, 0)
(0, 0)
(0, 0)
(0, 0)
(0, 0)
(0, 0)
(0, 0)
(0, 0)
(0, 0)
(0, 0)
(0, 0)
(0, 0)
(0, 0)
(0, 0)
(0, 0)
(0, 0)
(0, 0)
(0, 0)
(0, 0)
(0, 0)
(0, 0)
(0, 0)
(0, 0)
(0, 0)
(0, 0)
(0, 0)
(0, 0)
(0, 0)
(0, 0)
(0, 0)
(0, 0)
(0, 0)
(0, 0)
(0, 0)
(0, 0)
(0, 0)
(0, 0)
(0, 0)
(0, 0)
(0, 0)
(0, 0)
(0, 0)
(0, 0)
(0, 0)
(0, 0)
(0, 0)
(0, 0)
(0, 0)
(0, 0)
(0, 0)
(0, 0)
(0, 0)
(0, 0)
(0, 0)
(0, 0)
(0, 0)
(0, 0)
(0, 0)
(0, 0)
(0, 0)
(0, 0)
(0, 0)
(0, 0)
(0, 0)
(0, 0)
(0, 0)
(0, 0)
(0, 0)
(0, 0)
(0, 0)
(0, 0)
(0, 0)
(0, 0)
(0, 0)
(0, 0)
(0, 0)
(0, 0)
(0, 0)
(0, 0)
(0, 0)
(0, 0)
(0, 0)
(0, 0)
(0, 0)
(0, 0)
(0, 0)
(0, 0)
(0, 0)
(0, 0)
(0, 0)
(0, 0)
(0, 0)
(0, 0)
(0, 0)
(0, 0)
(0, 0)
(0, 0)
(0, 0)
(0, 0)
(0, 0)
(0, 0)
(0, 0)
(0, 0)
(0, 0)
(0, 0)
(0, 0)
(0, 0)
(0, 0)
(0, 0)
(0, 0)
(0, 0)
(0, 0)
(0, 0)
(0, 0)
(0, 0)
(0, 0)
(0, 0)
(0, 0)
(0, 0)
(0, 0)
(0, 0)
(0, 0)
(0, 0)
(0, 0)
(0, 0)
(0, 0)
(0, 0)
(0, 0)
(0, 0)
(0, 0)
(0, 0)
(0, 0)
(0, 0)
(0, 0)
(0, 0)
(0, 0)
(0, 0)
(0, 0)
(0, 0)
(0, 0)
(0, 0)
(0, 0)
(0, 0)
(0, 0)
(0, 0)
(0, 0)
(0, 0)
(0, 0)
(0, 0)
(0, 0)
(0, 0)
(0, 0)
(0, 0)
(0, 0)
(0, 0)
(0, 0)
(0, 0)
(0, 0)
(0, 0)
(0, 0)
(0, 0)
(0, 0)
(0, 0)
(0, 0)
(0, 0)
(0, 0)
(0, 0)
(0, 0)
(0, 0)
(0, 0)
(0, 0)
(0, 0)
(0, 0)
(0, 0)
(0, 0)
(0, 0)
(0, 0)
(0, 0)
(0, 0)
(0, 0)
(0, 0)
(0, 0)
(0, 0)
(0, 0)
(0, 0)
(0, 0)
(0, 0)
(0, 0)
(0, 0)
(0, 0)
(0, 0)
(0, 0)
(0, 0)
(0, 0)
(0, 0)
(0, 0)
(0, 0)
(0, 0)
(0, 0)
(0, 0)
(0, 0)
(0, 0)
(0, 0)
(0, 0)
(0, 0)
(0, 0)
(0, 0)
(0, 0)
(0, 0)
(0, 0)
(0, 0)
(0, 0)
(0, 0)
(0, 0)
(0, 0)
(0, 0)
(0, 0)
(0, 0)
(0, 0)
(0, 0)
(0, 0)
(0, 0)
(0, 0)
(0, 0)
(0, 0)
(0, 0)
(0, 0)
(0, 0)
(0, 0)
(0, 0)
(0, 0)
(0, 0)
(0, 0)
(0, 0)
(0, 0)
(0, 0)
(0, 0)
(0, 0)
(0, 0)
(0, 0)
(0, 0)
(0, 0)
(0, 0)
(0, 0)
(0, 0)
(0, 0)
(0, 0)
(0, 0)
(0, 0)
(0, 0)
(0, 0)
(0, 0)
(0, 0)
(0, 0)
(0, 0)
(0, 0)
(0, 0)
(0, 0)
(0, 0)
(0, 0)
(0, 0)
(0, 0)
(0, 0)
(0, 0)
(0, 0)
(0, 0)
(0, 0)
(0, 0)
(0, 0)
(0, 0)
(0, 0)
(0, 0)
(0, 0)
(0, 0)
(0, 0)
(0, 0)
(0, 0)
(0, 0)
(0, 0)
(0, 0)
(0, 0)
(0, 0)
(0, 0)
(0, 0)
(0, 0)
(0, 0)
(0, 0)
(0, 0)
(0, 0)
(0, 0)
(0, 0)
(0, 0)
(0, 0)
(0, 0)
(0, 0)
(0, 0)
(0, 0)
(0, 0)
(0, 0)
(0, 0)
(0, 0)
(0, 0)
(0, 0)
(0, 0)
(0, 0)
(0, 0)
(0, 0)
(0, 0)
(0, 0)
(0, 0)
(0, 0)
(0, 0)
(0, 0)
(0, 0)
(0, 0)
(0, 0)
(0, 0)
(0, 0)
(0, 0)
(0, 0)
(0, 0)
(0, 0)
(0, 0)
(0, 0)
(0, 0)
(0, 0)
(0, 0)
(0, 0)
(0, 0)
(0, 0)
(0, 0)
(0, 0)
(0, 0)
(0, 0)
(0, 0)
(0, 0)
(0, 0)
(0, 0)
(0, 0)
(0, 0)
(0, 0)
(0, 0)
(0, 0)
(0, 0)
(0, 0)
(0, 0)
(0, 0)
(0, 0)
(0, 0)
(0, 0)
(0, 0)
(0, 0)
(0, 0)
(0, 0)
(0, 0)
(0, 0)
(0, 0)
(0, 0)
(0, 0)
(0, 0)
(0, 0)
(0, 0)
(0, 0)
(0, 0)
(0, 0)
(0, 0)
(0, 0)
(0, 0)
(0, 0)
(0, 0)
(0, 0)
(0, 0)
(0, 0)
(0, 0)
(0, 0)
(0, 0)
(0, 0)
(0, 0)
(0, 0)
(0, 0)
(0, 0)
(0, 0)
(0, 0)
(0, 0)
(0, 0)
(0, 0)
(0, 0)
(0, 0)
(0, 0)
(0, 0)
(0, 0)
(0, 0)
(0, 0)
(0, 0)
(0, 0)
(0, 0)
(0, 0)
(0, 0)
(0, 0)
(0, 0)
(0, 0)
(0, 0)
(0, 0)
(0, 0)
(0, 0)
(0, 0)
(0, 0)
(0, 0)
(0, 0)
(0, 0)
(0, 0)
(0, 0)
(0, 0)
(0, 0)
(0, 0)
(0, 0)
(0, 0)
(0, 0)
(0, 0)
(0, 0)
(0, 0)
(0, 0)
(0, 0)
(0, 0)
(0, 0)
(0, 0)
(0, 0)
(0, 0)
(0, 0)
(0, 0)
(0, 0)
(0, 0)
(0, 0)
(0, 0)
(0, 0)
(0, 0)
(0, 0)
(0, 0)
(0, 0)
(0, 0)
(0, 0)
(0, 0)
(0, 0)
(0, 0)
(0, 0)
(0, 0)
(0, 0)
(0, 0)
(0, 0)
(0, 0)
(0, 0)
(0, 0)
(0, 0)
(0, 0)
(0, 0)
(0, 0)
(0, 0)
(0, 0)
(0, 0)
(0, 0)
(0, 0)
(0, 0)
(0, 0)
(0, 0)
(0, 0)
(0, 0)
(0, 0)
(0, 0)
(0, 0)
(0, 0)
(0, 0)
(0, 0)
(0, 0)
(0, 0)
(0, 0)
(0, 0)
(0, 0)
(0, 0)
(0, 0)
(0, 0)
(0, 0)
(0, 0)
(0, 0)
(0, 0)
(0, 0)
(0, 0)
(0, 0)
(0, 0)
(0, 0)
(0, 0)
(0, 0)
(0, 0)
(0, 0)
(0, 0)
(0, 0)
(0, 0)
(0, 0)
(0, 0)
(0, 0)
(0, 0)
(0, 0)
(0, 0)
(0, 0)
(0, 0)
(0, 0)
(0, 0)
(0, 0)
(0, 0)
(0, 0)
(0, 0)
(0, 0)
(0, 0)
(0, 0)
(0, 0)
(0, 0)
(0, 0)
(0, 0)
(0, 0)
(0, 0)
(0, 0)
(0, 0)
(0, 0)
(0, 0)
(0, 0)
(0, 0)
(0, 0)
(0, 0)
(0, 0)
(0, 0)
(0, 0)
(0, 0)
(0, 0)
(0, 0)
(0, 0)
(0, 0)
(0, 0)
(0, 0)
(0, 0)
(0, 0)
(0, 0)
(0, 0)
(0, 0)
(0, 0)
(0, 0)
(0, 0)
(0, 0)
(0, 0)
(0, 0)
(0, 0)
(0, 0)
(0, 0)
(0, 0)
(0, 0)
(0, 0)
(0, 0)
(0, 0)
(0, 0)
(0, 0)
(0, 0)
(0, 0)
(0, 0)
(0, 0)
(0, 0)
(0, 0)
(0, 0)
(0, 0)
(0, 0)
(0, 0)
(0, 0)
(0, 0)
(0, 0)
(0, 0)
(0, 0)
(0, 0)
(0, 0)
(0, 0)
(0, 0)
(0, 0)
(0, 0)
(0, 0)
(0, 0)
(0, 0)
(0, 0)
(0, 0)
(0, 0)
(0, 0)
(0, 0)
(0, 0)
(0, 0)
(0, 0)
(0, 0)
(0, 0)
(0, 0)
(0, 0)
(0, 0)
(0, 0)
(0, 0)
(0, 0)
(0, 0)
(0, 0)
(0, 0)
(0, 0)
(0, 0)
(0, 0)
(0, 0)
(0, 0)
(0, 0)
(0, 0)
(0, 0)
(0, 0)
(0, 0)
(0, 0)
(0, 0)
(0, 0)
(0, 0)
(0, 0)
(0, 0)
(0, 0)
(0, 0)
(0, 0)
(0, 0)
(0, 0)
(0, 0)
(0, 0)
(0, 0)
(0, 0)
(0, 0)
(0, 0)
(0, 0)
(0, 0)
(0, 0)
(0, 0)
(0, 0)
(0, 0)
(0, 0)
(0, 0)
(0, 0)
(0, 0)
(0, 0)
(0, 0)
(0, 0)
(0, 0)
(0, 0)
(0, 0)
(0, 0)
(0, 0)
(0, 0)
(0, 0)
(0, 0)
(0, 0)
(0, 0)
(0, 0)
(0, 0)
(0, 0)
(0, 0)
(0, 0)
(0, 0)
(0, 0)
(0, 0)
(0, 0)
(0, 0)
(0, 0)
(0, 0)
(0, 0)
(0, 0)
(0, 0)
(0, 0)
(0, 0)
(0, 0)
(0, 0)
(0, 0)
(0, 0)
(0, 0)
(0, 0)
(0, 0)
(0, 0)
(0, 0)
(0, 0)
(0, 0)
(0, 0)
(0, 0)
(0, 0)
(0, 0)
(0, 0)
(0, 0)
(0, 0)
(0, 0)
(0, 0)
(0, 0)
(0, 0)
(0, 0)
(0, 0)
(0, 0)
(0, 0)
(0, 0)
(0, 0)
(0, 0)
(0, 0)
(0, 0)
(0, 0)
(0, 0)
(0, 0)
(0, 0)
(0, 0)
(0, 0)
(0, 0)
(0, 0)
(0, 0)
(0, 0)
(0, 0)
(0, 0)
(0, 0)
(0, 0)
(0, 0)
(0, 0)
(0, 0)
(0, 0)
(0, 0)
(0, 0)
(0, 0)
(0, 0)
(0, 0)
(0, 0)
(0, 0)
(0, 0)
(0, 0)
(0, 0)
(0, 0)
(0, 0)
(0, 0)
(0, 0)
(0, 0)
(0, 0)
(0, 0)
(0, 0)
(0, 0)
(0, 0)
(0, 0)
(0, 0)
(0, 0)
(0, 0)
(0, 0)
(0, 0)
495.75265017667846
